0 5.8391804695129395 181.27658081054688
1 5.7678422927856445 165.6324005126953
2 5.896517276763916 161.01498413085938
3 5.956998348236084 158.23361206054688
4 6.034520626068115 156.0251007080078
5 6.1469244956970215 154.01937866210938
6 6.2219767570495605 152.206298828125
7 6.269413948059082 150.50856018066406
8 6.300076007843018 149.25454711914062
9 6.3534417152404785 148.18890380859375
10 6.364748954772949 147.25567626953125
11 6.390917778015137 146.5626220703125
12 6.419874668121338 145.85789489746094
13 6.432833194732666 145.1831512451172
14 6.453153610229492 144.71368408203125
15 6.476346492767334 144.16200256347656
16 6.49004602432251 143.72117614746094
17 6.506016254425049 143.27687072753906
18 6.52732515335083 142.91204833984375
19 6.536351680755615 142.5310516357422
20 6.551373481750488 142.1787567138672
21 6.569269180297852 141.81076049804688
22 6.595594882965088 141.52703857421875
23 6.601407527923584 141.13296508789062
24 6.620968818664551 140.86978149414062
25 6.638863563537598 140.57363891601562
26 6.652359962463379 140.33169555664062
27 6.666496276855469 140.009765625
28 6.6712164878845215 139.78680419921875
29 6.693833827972412 139.52359008789062
30 6.697931289672852 139.24728393554688
31 6.708712100982666 139.01602172851562
32 6.722121715545654 138.8487548828125
33 6.714489936828613 138.63803100585938
34 6.737101078033447 138.47987365722656
35 6.738520622253418 138.21739196777344
36 6.759878158569336 138.10531616210938
37 6.766294479370117 137.864013671875
38 6.748156547546387 137.74989318847656
39 6.763477325439453 137.5554656982422
40 6.781510353088379 137.48468017578125
41 6.786999702453613 137.19581604003906
42 6.79086971282959 137.0248260498047
43 6.802431583404541 136.90103149414062
44 6.788039207458496 136.8913116455078
45 6.814366817474365 136.6669158935547
46 6.830805778503418 136.65457153320312
47 6.818217754364014 136.4209442138672
48 6.813272953033447 136.26190185546875
49 6.8286452293396 136.1190948486328
50 6.828500747680664 136.097412109375
51 6.835381031036377 135.95904541015625
52 6.841411113739014 135.89337158203125
53 6.854227066040039 135.75762939453125
54 6.844604015350342 135.63897705078125
55 6.864536762237549 135.5518798828125
56 6.862537860870361 135.42140197753906
57 6.871872901916504 135.3931884765625
58 6.891637325286865 135.23626708984375
59 6.873812675476074 135.27740478515625
60 6.896047592163086 135.1144561767578
61 6.893437385559082 135.0442352294922
62 6.892533302307129 134.93118286132812
63 6.899532794952393 134.84881591796875
64 6.901847839355469 134.72816467285156
65 6.895746231079102 134.61016845703125
66 6.922128200531006 134.55300903320312
67 6.92446756362915 134.48452758789062
68 6.929315567016602 134.475830078125
69 6.932503700256348 134.38858032226562
70 6.920521259307861 134.25413513183594
71 6.938549041748047 134.25161743164062
72 6.935278415679932 134.04623413085938
73 6.937978744506836 134.11753845214844
74 6.947878837585449 133.93601989746094
75 6.942131042480469 133.84454345703125
76 6.959195137023926 133.88026428222656
77 6.956918716430664 133.8016815185547
78 6.961867809295654 133.78807067871094
79 6.965170383453369 133.57589721679688
80 6.972617149353027 133.65216064453125
81 6.974347114562988 133.5585174560547
82 6.983189105987549 133.55142211914062
83 6.982753753662109 133.46188354492188
84 6.984323978424072 133.40541076660156
85 6.977807521820068 133.29251098632812
86 6.984021186828613 133.2632293701172
87 6.986486434936523 133.16619873046875
88 6.99325704574585 133.22142028808594
89 6.992077827453613 133.14161682128906
90 7.011011600494385 133.0489959716797
91 7.007862567901611 133.0885772705078
92 7.005560874938965 132.88067626953125
93 7.020679950714111 132.88140869140625
94 7.020349979400635 132.86717224121094
95 7.017563343048096 132.80564880371094
96 7.025831699371338 132.79750061035156
97 7.017303943634033 132.7196807861328
98 7.034398078918457 132.61395263671875
99 7.03072452545166 132.6951904296875
100 7.029380798339844 132.57191467285156
101 7.043832302093506 132.49668884277344
102 7.041086673736572 132.5032196044922
103 7.040533065795898 132.45497131347656
104 7.046513080596924 132.40670776367188
105 7.0498199462890625 132.34535217285156
106 7.050291538238525 132.37449645996094
107 7.05666971206665 132.27906799316406
108 7.056705474853516 132.24166870117188
109 7.06605863571167 132.2061767578125
110 7.060521602630615 132.12042236328125
111 7.058721542358398 132.1771240234375
112 7.067646503448486 132.1026611328125
113 7.058556079864502 132.04287719726562
114 7.074887752532959 131.98182678222656
115 7.066004276275635 131.9329071044922
116 7.072444915771484 132.078369140625
117 7.072493076324463 131.84548950195312
118 7.080435276031494 131.85411071777344
119 7.074665069580078 131.85357666015625
120 7.09238338470459 131.7790069580078
121 7.0896430015563965 131.71112060546875
122 7.081903457641602 131.7971649169922
123 7.102609634399414 131.725830078125
124 7.095450401306152 131.58750915527344
125 7.090761661529541 131.77491760253906
126 7.104342937469482 131.54067993164062
127 7.0897536277771 131.55592346191406
128 7.106903076171875 131.50460815429688
129 7.106240749359131 131.45925903320312
130 7.109586238861084 131.49020385742188
131 7.1054158210754395 131.4698028564453
132 7.1303229331970215 131.30006408691406
133 7.106635093688965 131.4064178466797
134 7.112424850463867 131.364013671875
135 7.126781463623047 131.20823669433594
136 7.116012096405029 131.2987518310547
137 7.133124828338623 131.30935668945312
138 7.138816833496094 131.28997802734375
139 7.127402305603027 131.2101593017578
140 7.124932289123535 131.18260192871094
141 7.132192611694336 131.1840057373047
142 7.14485502243042 131.07005310058594
143 7.133496284484863 131.0672607421875
144 7.146251201629639 131.08331298828125
145 7.142403602600098 130.98643493652344
146 7.139347076416016 130.97369384765625
147 7.145992755889893 130.9810791015625
148 7.150023937225342 130.9073944091797
149 7.151282787322998 130.88919067382812
150 7.156009197235107 130.8904571533203
151 7.149575233459473 130.90235900878906
152 7.154427528381348 130.82489013671875
153 7.165639877319336 130.7253875732422
154 7.1586384773254395 130.7498321533203
155 7.151125907897949 130.7269744873047
156 7.1510796546936035 130.82029724121094
157 7.159540176391602 130.57763671875
158 7.1534199714660645 130.6686248779297
159 7.167840480804443 130.6778564453125
160 7.16587495803833 130.6268310546875
161 7.176734924316406 130.5260772705078
162 7.170025825500488 130.5637969970703
163 7.1775641441345215 130.5340118408203
164 7.17702579498291 130.54295349121094
165 7.181402683258057 130.46400451660156
166 7.17792272567749 130.44627380371094
167 7.189340114593506 130.4180908203125
168 7.174713134765625 130.4429473876953
169 7.185135841369629 130.41909790039062
170 7.181235313415527 130.3352813720703
171 7.181699752807617 130.35751342773438
172 7.1962995529174805 130.25210571289062
173 7.188537120819092 130.2865753173828
174 7.198190689086914 130.37730407714844
175 7.189735412597656 130.17324829101562
176 7.201121807098389 130.2366943359375
177 7.201466083526611 130.23863220214844
178 7.202884197235107 130.30731201171875
179 7.192557334899902 130.10940551757812
180 7.206129550933838 130.16802978515625
181 7.196391582489014 130.17320251464844
182 7.206660747528076 130.09561157226562
183 7.213529586791992 130.0089111328125
184 7.216391086578369 130.0208740234375
185 7.204931735992432 130.08140563964844
186 7.205395698547363 129.98292541503906
187 7.1929240226745605 129.9913787841797
188 7.228143215179443 129.8870086669922
189 7.20963716506958 129.94972229003906
190 7.213905334472656 129.91249084472656
191 7.2306318283081055 129.91636657714844
192 7.224323272705078 129.931396484375
193 7.219727039337158 129.8950653076172
194 7.223807334899902 129.76144409179688
195 7.223705291748047 129.93190002441406
196 7.211599349975586 129.8424835205078
197 7.221821308135986 129.73648071289062
198 7.236160755157471 129.84494018554688
199 7.22769021987915 129.728271484375
200 7.235596179962158 129.7587127685547
201 7.232266902923584 129.65640258789062
202 7.234314441680908 129.6298065185547
203 7.230429649353027 129.74388122558594
204 7.243008613586426 129.7311248779297
205 7.243999004364014 129.59043884277344
206 7.24298620223999 129.55543518066406
207 7.239999771118164 129.57742309570312
208 7.235722064971924 129.6394500732422
209 7.246235370635986 129.61920166015625
210 7.2623772621154785 129.51547241210938
211 7.244745254516602 129.54640197753906
212 7.2545485496521 129.63638305664062
213 7.241828918457031 129.42323303222656
214 7.244682788848877 129.5574951171875
215 7.244377136230469 129.45428466796875
216 7.2538628578186035 129.42100524902344
217 7.251059055328369 129.52183532714844
218 7.253918647766113 129.52572631835938
219 7.238842010498047 129.3790740966797
220 7.270452499389648 129.30796813964844
221 7.257425308227539 129.36936950683594
222 7.268800258636475 129.3486328125
223 7.2532219886779785 129.27554321289062
224 7.265585422515869 129.4150848388672
225 7.257862091064453 129.32652282714844
226 7.262476921081543 129.31077575683594
227 7.269782543182373 129.24795532226562
228 7.2677001953125 129.38648986816406
229 7.276564598083496 129.1350555419922
230 7.277209281921387 129.25328063964844
231 7.267202854156494 129.22048950195312
232 7.272326946258545 129.1806182861328
233 7.270480632781982 129.1266326904297
234 7.279393672943115 129.25135803222656
235 7.264699935913086 129.10035705566406
236 7.271522521972656 129.12489318847656
237 7.274635314941406 129.17713928222656
238 7.284395217895508 129.24241638183594
239 7.298736572265625 129.0390167236328
240 7.27754545211792 129.0225372314453
241 7.287866115570068 129.1199493408203
242 7.297762870788574 128.98898315429688
243 7.278548240661621 128.99644470214844
244 7.278575420379639 129.0507354736328
245 7.288453578948975 129.02098083496094
246 7.300060749053955 129.06222534179688
247 7.301695823669434 128.92071533203125
248 7.2848944664001465 128.89894104003906
249 7.3021674156188965 128.91404724121094
250 7.309359550476074 128.93711853027344
251 7.295279026031494 128.81732177734375
252 7.306046962738037 128.91534423828125
253 7.302922248840332 128.83792114257812
254 7.299001693725586 129.13206481933594
255 7.306849956512451 128.79364013671875
256 7.307295799255371 128.8426971435547
257 7.31209659576416 128.80142211914062
258 7.301783084869385 128.9026336669922
259 7.309598922729492 128.75196838378906
260 7.307267665863037 128.70352172851562
261 7.30197286605835 128.78575134277344
262 7.3084516525268555 128.74986267089844
263 7.320657730102539 128.68197631835938
264 7.306459903717041 128.75790405273438
265 7.303064346313477 128.69845581054688
266 7.316255569458008 128.7262420654297
267 7.32033109664917 128.7306365966797
268 7.310771465301514 128.66590881347656
269 7.314234256744385 128.6261749267578
270 7.310734748840332 128.68905639648438
271 7.322906017303467 128.6715087890625
272 7.321183681488037 128.74034118652344
273 7.327249050140381 128.62246704101562
274 7.327981472015381 128.52532958984375
275 7.333436012268066 128.486572265625
276 7.320823669433594 128.582275390625
277 7.323887348175049 128.51544189453125
278 7.334133625030518 128.65084838867188
279 7.332634449005127 128.4373321533203
280 7.332061767578125 128.52392578125
281 7.3314056396484375 128.5311737060547
282 7.3363213539123535 128.57833862304688
283 7.338634014129639 128.48019409179688
284 7.335486888885498 128.39663696289062
285 7.327089786529541 128.41732788085938
286 7.333193302154541 128.49830627441406
287 7.33823299407959 128.418701171875
288 7.347650051116943 128.38511657714844
289 7.348114490509033 128.35391235351562
290 7.347663879394531 128.40213012695312
291 7.325807571411133 128.3891143798828
292 7.334208965301514 128.3642578125
293 7.337619781494141 128.42803955078125
294 7.334497928619385 128.39320373535156
295 7.348571300506592 128.2119598388672
296 7.356481075286865 128.3663330078125
297 7.357278823852539 128.30990600585938
298 7.3516364097595215 128.2880401611328
299 7.344550609588623 128.233154296875
300 7.353329181671143 128.33590698242188
