0 2.0359368324279785 197.35140991210938
1 1.7391353845596313 182.526123046875
2 1.6755168437957764 177.91293334960938
3 1.8323341608047485 174.48468017578125
4 1.9762203693389893 171.96629333496094
5 2.065185785293579 170.33401489257812
6 2.1280758380889893 169.1258087158203
7 2.172999858856201 168.213134765625
8 2.218093156814575 167.48374938964844
9 2.2489373683929443 166.7869873046875
10 2.2843332290649414 166.28274536132812
11 2.3198485374450684 165.74017333984375
12 2.33555269241333 165.28794860839844
13 2.372008800506592 164.89181518554688
14 2.402451276779175 164.3113555908203
15 2.4212710857391357 164.00970458984375
16 2.440615653991699 163.5789794921875
17 2.4515907764434814 163.3118133544922
18 2.4715371131896973 163.00010681152344
19 2.498983383178711 162.7694854736328
20 2.5078043937683105 162.46682739257812
21 2.533905267715454 162.1077423095703
22 2.549356698989868 161.91171264648438
23 2.5588338375091553 161.65582275390625
24 2.574706554412842 161.42141723632812
25 2.587033748626709 161.30340576171875
26 2.59385347366333 161.0834197998047
27 2.6187000274658203 160.8187713623047
28 2.621802568435669 160.68386840820312
29 2.6151480674743652 160.64588928222656
30 2.6429200172424316 160.45181274414062
31 2.647263765335083 160.25376892089844
32 2.661752939224243 160.1088104248047
33 2.669811248779297 159.9348907470703
34 2.6759204864501953 159.8114013671875
35 2.688469648361206 159.64459228515625
36 2.7015182971954346 159.41831970214844
37 2.704153060913086 159.4327850341797
38 2.7088961601257324 159.30624389648438
39 2.717012405395508 159.16751098632812
40 2.7261836528778076 159.1895751953125
41 2.736114501953125 158.95233154296875
42 2.740575075149536 158.7543182373047
43 2.739976167678833 158.74526977539062
44 2.751396417617798 158.59584045410156
45 2.7553253173828125 158.50807189941406
46 2.767906904220581 158.3398895263672
47 2.7794158458709717 158.38172912597656
48 2.785590410232544 158.25843811035156
49 2.780247211456299 158.02369689941406
50 2.7886037826538086 158.03753662109375
51 2.794370412826538 157.8522186279297
52 2.8012094497680664 157.82550048828125
53 2.799419403076172 157.71939086914062
54 2.805842161178589 157.65174865722656
55 2.8112545013427734 157.667236328125
56 2.818807363510132 157.49649047851562
57 2.832815408706665 157.40020751953125
58 2.829516887664795 157.37660217285156
59 2.841480255126953 157.11318969726562
60 2.847212553024292 157.09326171875
61 2.85176420211792 157.08441162109375
62 2.8460631370544434 157.10427856445312
63 2.8523359298706055 156.9069366455078
64 2.8572442531585693 156.76063537597656
65 2.873711347579956 156.754150390625
66 2.87587308883667 156.71600341796875
67 2.8813486099243164 156.60879516601562
68 2.888317346572876 156.54190063476562
69 2.876868486404419 156.55462646484375
70 2.881387233734131 156.43287658691406
71 2.874682903289795 156.37596130371094
72 2.8965015411376953 156.3130645751953
73 2.895145893096924 156.29751586914062
74 2.899109363555908 156.0916290283203
75 2.8996589183807373 156.15606689453125
76 2.908801555633545 156.079345703125
77 2.9123694896698 155.9770965576172
78 2.9194743633270264 155.96910095214844
79 2.912224531173706 155.87855529785156
80 2.920038938522339 155.82318115234375
81 2.937589168548584 155.73446655273438
82 2.928112745285034 155.7510528564453
83 2.9341633319854736 155.6848602294922
84 2.9519193172454834 155.5880126953125
85 2.9335944652557373 155.60374450683594
86 2.948326349258423 155.50279235839844
87 2.937331199645996 155.35977172851562
88 2.956206798553467 155.34600830078125
89 2.953385829925537 155.376953125
90 2.960090398788452 155.24777221679688
91 2.9613780975341797 155.2784881591797
92 2.9647562503814697 155.32510375976562
93 2.96986985206604 155.1834259033203
94 2.9687697887420654 155.09909057617188
95 2.9663634300231934 155.07241821289062
96 2.9748964309692383 155.0790557861328
97 2.9762816429138184 154.9787139892578
98 2.975043296813965 154.83811950683594
99 2.9799060821533203 154.87811279296875
100 2.9870057106018066 154.91751098632812
101 2.989924907684326 154.82806396484375
102 2.989628791809082 154.77154541015625
103 2.989184617996216 154.74562072753906
104 2.980689525604248 154.69285583496094
105 2.997257709503174 154.64529418945312
106 3.0022780895233154 154.6248321533203
107 3.0028443336486816 154.5968017578125
108 3.010772943496704 154.5260009765625
109 3.0111732482910156 154.45172119140625
110 3.0029077529907227 154.49420166015625
111 3.009148359298706 154.46133422851562
112 3.0146708488464355 154.2978515625
113 3.0101938247680664 154.38755798339844
114 3.0144670009613037 154.36627197265625
115 3.018327236175537 154.43553161621094
116 3.0232443809509277 154.30747985839844
117 3.02671217918396 154.17588806152344
118 3.028287410736084 154.2408905029297
119 3.0233304500579834 154.17955017089844
120 3.0293467044830322 154.21469116210938
121 3.0236740112304688 154.05992126464844
122 3.0276405811309814 154.003173828125
123 3.0357093811035156 154.0641632080078
124 3.035559892654419 153.85098266601562
125 3.0470974445343018 153.88539123535156
126 3.0451138019561768 153.8294219970703
127 3.0474236011505127 153.93289184570312
128 3.037865161895752 153.88955688476562
129 3.0584051609039307 153.6895751953125
130 3.0451643466949463 153.7152099609375
131 3.0593349933624268 153.6547088623047
132 3.0542256832122803 153.63522338867188
133 3.0662474632263184 153.7236328125
134 3.059485673904419 153.58216857910156
135 3.0605311393737793 153.6675567626953
136 3.0603654384613037 153.570556640625
137 3.060698986053467 153.51966857910156
138 3.074313163757324 153.44503784179688
139 3.0714962482452393 153.45462036132812
140 3.06998872756958 153.3747100830078
141 3.0826451778411865 153.3153076171875
142 3.081885576248169 153.36825561523438
143 3.078376531600952 153.3957977294922
144 3.0831093788146973 153.27340698242188
145 3.0773890018463135 153.21336364746094
146 3.0909674167633057 153.14540100097656
147 3.0899531841278076 153.22561645507812
148 3.0927507877349854 153.1990966796875
149 3.0954537391662598 153.1417694091797
150 3.0914034843444824 153.15719604492188
151 3.095914840698242 153.07388305664062
152 3.091674566268921 153.1459197998047
153 3.103166103363037 152.96180725097656
154 3.108224391937256 153.0758514404297
155 3.104642868041992 152.9345703125
156 3.100916862487793 153.02613830566406
157 3.107356309890747 152.85079956054688
158 3.11002779006958 152.8536834716797
159 3.113264560699463 152.93553161621094
160 3.1099929809570312 152.73681640625
161 3.1128058433532715 152.89198303222656
162 3.110785722732544 152.81668090820312
163 3.1173765659332275 152.82107543945312
164 3.1193337440490723 152.69915771484375
165 3.118946075439453 152.7213592529297
166 3.120640277862549 152.6934051513672
167 3.1156210899353027 152.70448303222656
168 3.1278738975524902 152.65972900390625
169 3.130833864212036 152.60569763183594
170 3.126913070678711 152.57427978515625
171 3.127048969268799 152.5762481689453
172 3.1259238719940186 152.5204620361328
173 3.1310818195343018 152.51695251464844
174 3.135540008544922 152.4197540283203
175 3.134305238723755 152.52088928222656
176 3.1399993896484375 152.4536590576172
177 3.1321170330047607 152.4268035888672
178 3.131615161895752 152.45111083984375
179 3.1321425437927246 152.40432739257812
180 3.1384799480438232 152.37582397460938
181 3.152446746826172 152.35629272460938
182 3.1438145637512207 152.2436981201172
183 3.1415441036224365 152.26889038085938
184 3.1388256549835205 152.29273986816406
185 3.142413854598999 152.30104064941406
186 3.147779703140259 152.1888427734375
187 3.153412103652954 152.085205078125
188 3.1451516151428223 152.1101837158203
189 3.1572372913360596 152.11143493652344
190 3.154083490371704 152.23867797851562
191 3.16209077835083 152.0833740234375
192 3.16536283493042 152.0479736328125
193 3.156344413757324 152.02061462402344
194 3.1599338054656982 151.98944091796875
195 3.1688549518585205 152.03359985351562
196 3.1639654636383057 151.97714233398438
197 3.1710755825042725 152.01223754882812
198 3.1713860034942627 151.99330139160156
199 3.1722869873046875 152.05841064453125
200 3.169438123703003 151.96531677246094
201 3.15653920173645 151.99009704589844
202 3.1684939861297607 152.04112243652344
203 3.1702609062194824 151.8052520751953
204 3.1709249019622803 151.85562133789062
205 3.1749818325042725 151.87261962890625
206 3.1624667644500732 151.9204864501953
207 3.175079107284546 151.79527282714844
208 3.1729576587677 151.8706817626953
209 3.175997734069824 151.74855041503906
210 3.1748738288879395 151.78330993652344
211 3.182021141052246 151.6690673828125
212 3.1880102157592773 151.69081115722656
213 3.1736624240875244 151.65135192871094
214 3.182217836380005 151.6177520751953
215 3.176359176635742 151.6681671142578
216 3.1884374618530273 151.57589721679688
217 3.189099073410034 151.62362670898438
218 3.186650037765503 151.67141723632812
219 3.1839847564697266 151.65975952148438
220 3.190007209777832 151.6241912841797
221 3.1892881393432617 151.49420166015625
222 3.2016103267669678 151.46578979492188
223 3.185482978820801 151.61795043945312
224 3.185188055038452 151.5089874267578
225 3.19708251953125 151.45318603515625
226 3.205092191696167 151.46795654296875
227 3.196791410446167 151.5159454345703
228 3.19301438331604 151.48109436035156
229 3.18900728225708 151.4227294921875
230 3.1826343536376953 151.47964477539062
231 3.197380781173706 151.4008026123047
232 3.183868646621704 151.55137634277344
233 3.1897695064544678 151.40740966796875
234 3.208016872406006 151.2837677001953
235 3.1949303150177 151.2523956298828
236 3.2044389247894287 151.325927734375
237 3.206615924835205 151.3114471435547
238 3.2050511837005615 151.32994079589844
239 3.208405017852783 151.26998901367188
240 3.207172155380249 151.2987060546875
241 3.2123584747314453 151.26626586914062
242 3.193150043487549 151.4027862548828
243 3.2013654708862305 151.3123016357422
244 3.2121362686157227 151.2106170654297
245 3.1977458000183105 151.21939086914062
246 3.2274863719940186 151.10008239746094
247 3.218081474304199 151.26161193847656
248 3.2139501571655273 151.1993865966797
249 3.2132568359375 151.17147827148438
250 3.220362663269043 151.1111602783203
251 3.216581344604492 151.0152587890625
252 3.2158310413360596 151.1180877685547
253 3.223316192626953 151.0826873779297
254 3.2299411296844482 150.9518585205078
255 3.2216598987579346 151.05441284179688
256 3.2223563194274902 151.0529327392578
257 3.2230570316314697 150.99411010742188
258 3.2238564491271973 151.06248474121094
259 3.2342045307159424 150.95484924316406
260 3.220615863800049 151.0306854248047
261 3.228501081466675 150.97695922851562
262 3.2312636375427246 150.99969482421875
263 3.2242205142974854 150.92593383789062
264 3.2293684482574463 150.90711975097656
265 3.233121156692505 150.9635772705078
266 3.2271382808685303 150.93450927734375
267 3.2251458168029785 150.98648071289062
268 3.228564500808716 150.89959716796875
269 3.2326366901397705 150.9562225341797
270 3.237945318222046 150.80776977539062
271 3.228212594985962 150.8406524658203
272 3.2259724140167236 150.88552856445312
273 3.237614154815674 150.9388885498047
274 3.241337299346924 150.78175354003906
275 3.2315101623535156 150.84072875976562
276 3.2270824909210205 150.78355407714844
277 3.243992805480957 150.7091064453125
278 3.2393534183502197 150.7827606201172
279 3.244800090789795 150.81951904296875
280 3.2311079502105713 150.813720703125
281 3.226959705352783 150.86366271972656
282 3.2400028705596924 150.7068328857422
283 3.2422521114349365 150.658447265625
284 3.2413527965545654 150.6396942138672
285 3.241187572479248 150.8538055419922
286 3.2425475120544434 150.53575134277344
287 3.23691987991333 150.70632934570312
288 3.242528200149536 150.6572265625
289 3.2471344470977783 150.5848388671875
290 3.254077196121216 150.57015991210938
291 3.2450220584869385 150.7197265625
292 3.248404026031494 150.67605590820312
293 3.244257926940918 150.6465301513672
294 3.239635944366455 150.6055450439453
295 3.2507424354553223 150.5054168701172
296 3.2481892108917236 150.63931274414062
297 3.2542195320129395 150.55499267578125
298 3.255742073059082 150.592529296875
299 3.252166271209717 150.51751708984375
300 3.250183343887329 150.5459747314453
