0 98.40270233154297 182.29087829589844
1 153.3114013671875 161.08810424804688
2 189.91830444335938 154.68710327148438
3 204.8606414794922 151.42604064941406
4 212.4657440185547 149.21141052246094
5 218.84405517578125 147.76229858398438
6 227.78457641601562 146.6969757080078
7 232.01727294921875 145.48049926757812
8 238.39434814453125 144.5767364501953
9 245.555419921875 143.7639923095703
10 254.7451629638672 143.2357940673828
11 258.87548828125 142.31610107421875
12 263.4089660644531 141.65835571289062
13 267.17626953125 140.97601318359375
14 272.5004577636719 140.55825805664062
15 276.599609375 140.0413055419922
16 280.5113525390625 139.56192016601562
17 282.74176025390625 139.18649291992188
18 289.448486328125 139.2074737548828
19 291.26824951171875 138.38296508789062
20 293.12249755859375 138.1145782470703
21 295.4274597167969 137.89849853515625
22 298.27471923828125 137.59991455078125
23 298.93865966796875 137.2801513671875
24 299.8860168457031 136.975830078125
25 303.2632751464844 136.7694091796875
26 304.16827392578125 136.55140686035156
27 305.44732666015625 136.3076629638672
28 306.0212097167969 136.05923461914062
29 308.4090270996094 135.8766632080078
30 310.7315979003906 135.72520446777344
31 312.41619873046875 135.47605895996094
32 313.7078857421875 135.32655334472656
33 315.6971740722656 135.3216094970703
34 316.312255859375 134.93568420410156
35 317.79608154296875 134.7898712158203
36 319.67120361328125 134.61358642578125
37 319.5780029296875 134.46434020996094
38 321.7926330566406 134.33395385742188
39 323.2684020996094 134.274658203125
40 324.8044128417969 134.0369415283203
41 325.5428466796875 133.91319274902344
42 327.2060852050781 133.799072265625
43 327.4162292480469 133.71035766601562
44 328.9119567871094 133.5584716796875
45 329.5758972167969 133.421630859375
46 331.0334167480469 133.4076690673828
47 332.123291015625 133.18348693847656
48 332.8581237792969 133.0821533203125
49 334.60784912109375 132.95877075195312
50 335.6580505371094 132.86155700683594
51 337.708740234375 132.80645751953125
52 340.4750671386719 132.7148895263672
53 341.8768310546875 132.61219787597656
54 342.515380859375 132.51480102539062
55 344.7586669921875 132.4131317138672
56 344.5787048339844 132.2844696044922
57 345.1423034667969 132.22801208496094
58 347.6033935546875 132.15505981445312
59 348.7311706542969 132.04953002929688
60 349.5708923339844 131.93222045898438
61 350.94683837890625 131.93283081054688
62 351.0109558105469 131.81654357910156
63 352.06195068359375 131.76756286621094
64 351.38397216796875 131.6832275390625
65 352.70147705078125 131.56607055664062
66 354.41552734375 131.46995544433594
67 355.32684326171875 131.3999481201172
68 355.8050842285156 131.29385375976562
69 356.9460144042969 131.30267333984375
70 357.91412353515625 131.20437622070312
71 358.30712890625 131.12879943847656
72 359.1155090332031 131.030517578125
73 360.7609558105469 130.99545288085938
74 361.0397033691406 131.08399963378906
75 362.42401123046875 130.90469360351562
76 361.9764099121094 130.76010131835938
77 360.84100341796875 130.72494506835938
78 362.550537109375 130.7134552001953
79 363.5858154296875 130.6144256591797
80 363.7626647949219 130.51417541503906
81 365.6761474609375 130.52963256835938
82 366.4267883300781 130.44088745117188
83 366.6512451171875 130.37742614746094
84 367.4389343261719 130.2961883544922
85 368.0360412597656 130.24343872070312
86 369.36932373046875 130.20616149902344
87 369.5342102050781 130.22171020507812
88 371.2909240722656 130.1080322265625
89 371.4988098144531 130.05909729003906
90 372.39532470703125 129.92393493652344
91 372.9679870605469 129.95896911621094
92 374.5301208496094 129.90284729003906
93 375.1355895996094 129.83526611328125
94 375.78656005859375 129.7864532470703
95 375.93511962890625 129.71353149414062
96 376.6061096191406 129.7366943359375
97 377.3438720703125 129.6415557861328
98 377.8036193847656 129.5541534423828
99 378.9212951660156 129.52513122558594
100 379.53924560546875 129.4539031982422
101 380.3572692871094 129.46237182617188
102 381.00128173828125 129.4372100830078
103 381.51873779296875 129.3691864013672
104 381.82574462890625 129.29258728027344
105 383.3135681152344 129.2246551513672
106 383.548583984375 129.17514038085938
107 383.9752197265625 129.17820739746094
108 385.9170837402344 129.1918182373047
109 386.0462646484375 129.06573486328125
110 386.972900390625 129.0394287109375
111 387.0082702636719 128.9964141845703
112 387.9166564941406 129.0394744873047
113 389.6434020996094 128.89854431152344
114 390.2364807128906 128.8642120361328
115 392.0091552734375 128.81776428222656
116 392.56878662109375 128.8138885498047
117 393.346923828125 128.7329864501953
118 393.6685791015625 128.73129272460938
119 394.61334228515625 128.6203155517578
120 394.9718322753906 128.6278533935547
121 395.6954040527344 128.57823181152344
122 395.4100341796875 128.62208557128906
123 396.31231689453125 128.503173828125
124 397.6312561035156 128.5325164794922
125 397.90496826171875 128.3972930908203
126 398.5887451171875 128.4190673828125
127 399.4192810058594 128.38929748535156
128 400.59124755859375 128.30274963378906
129 400.878662109375 128.28683471679688
130 401.6199645996094 128.2681884765625
131 402.464599609375 128.21641540527344
132 402.8581848144531 128.2789764404297
133 403.07415771484375 128.13221740722656
134 403.7577819824219 128.0929718017578
135 404.1085205078125 128.08335876464844
136 405.059814453125 128.053955078125
137 405.18170166015625 128.0001678466797
138 405.5266418457031 127.9876708984375
139 406.9081115722656 127.94063568115234
140 407.0621032714844 127.90128326416016
141 406.43402099609375 127.8514633178711
142 407.9974060058594 127.84365844726562
143 408.6767272949219 127.84423828125
144 409.26263427734375 127.73273468017578
145 409.6917419433594 127.75617980957031
146 410.5730895996094 127.80939483642578
147 410.917724609375 127.74219512939453
148 411.41461181640625 127.65929412841797
149 411.8475341796875 127.68822479248047
150 413.0454406738281 127.59285736083984
151 413.4324035644531 127.58245849609375
152 413.88116455078125 127.57659912109375
153 414.33978271484375 127.50686645507812
154 414.53643798828125 127.5046615600586
155 414.9999084472656 127.3558120727539
156 416.11322021484375 127.41297912597656
157 416.1307678222656 127.4367446899414
158 417.14031982421875 127.40324401855469
159 417.3310241699219 127.30399322509766
160 417.668212890625 127.39370727539062
161 418.4855041503906 127.28291320800781
162 417.8897399902344 127.24996948242188
163 418.58306884765625 127.28899383544922
164 419.810791015625 127.20758056640625
165 419.747314453125 127.14154815673828
166 420.2660827636719 127.10626983642578
167 420.8854064941406 127.15177154541016
168 421.21575927734375 127.09268951416016
169 421.07745361328125 127.07315826416016
170 421.5312805175781 127.04180908203125
171 422.2548522949219 127.01991271972656
172 422.6718444824219 126.98548126220703
173 423.3814392089844 126.94873046875
174 423.9757080078125 126.95037841796875
175 423.9864807128906 126.90753173828125
176 424.5547790527344 126.84485626220703
177 424.7707214355469 126.86827087402344
178 425.4944763183594 126.87468719482422
179 426.21807861328125 126.86031341552734
180 425.7386169433594 126.75871276855469
181 426.01409912109375 126.7962417602539
182 427.38214111328125 126.72284698486328
183 427.5050354003906 126.77143096923828
184 428.04486083984375 126.6816177368164
185 428.1470031738281 126.6363525390625
186 428.8584289550781 126.62673950195312
187 428.1065979003906 126.68094635009766
188 429.1600036621094 126.60196685791016
189 429.24114990234375 126.51338958740234
190 429.69012451171875 126.51042175292969
191 430.0719299316406 126.49783325195312
192 430.1555480957031 126.5103988647461
193 431.41571044921875 126.53291320800781
194 432.0601806640625 126.38257598876953
195 433.0545654296875 126.41727447509766
196 433.0303649902344 126.39005279541016
197 433.5027160644531 126.42546844482422
198 433.3835144042969 126.36553192138672
199 434.1916198730469 126.33977508544922
200 434.7237548828125 126.36132049560547
201 434.3291931152344 126.32587432861328
202 435.7007141113281 126.298583984375
203 435.9101257324219 126.2174301147461
204 436.1114807128906 126.20025634765625
205 436.455322265625 126.20298767089844
206 436.9515686035156 126.23991394042969
207 437.3768005371094 126.16191101074219
208 437.65338134765625 126.10699462890625
209 436.98199462890625 126.12283325195312
210 437.61187744140625 126.1678237915039
211 438.3509826660156 126.06658172607422
212 438.6938781738281 126.13311004638672
213 438.9114685058594 125.98888397216797
214 439.6003112792969 126.00210571289062
215 440.1496276855469 126.02606201171875
216 440.8119201660156 126.02284240722656
217 440.9764709472656 125.98715209960938
218 441.8447265625 125.98177337646484
219 441.40142822265625 125.93518829345703
220 442.16717529296875 125.87545013427734
221 442.53192138671875 125.87097930908203
222 443.5018005371094 125.87259674072266
223 444.1785583496094 125.84550476074219
224 443.96826171875 125.86813354492188
225 444.3687438964844 125.84044647216797
226 444.94384765625 125.83318328857422
227 445.27447509765625 125.80738830566406
228 445.31195068359375 125.791259765625
229 444.94110107421875 125.7737045288086
230 446.1357727050781 125.67404174804688
231 445.8848571777344 125.77032470703125
232 446.7211608886719 125.69727325439453
233 446.7938537597656 125.71086883544922
234 447.198486328125 125.64928436279297
235 448.35211181640625 125.73274230957031
236 447.81683349609375 125.60570526123047
237 448.0098571777344 125.57666015625
238 448.2364807128906 125.572021484375
239 448.4423522949219 125.56462097167969
240 449.14581298828125 125.6127700805664
241 449.3131103515625 125.57969665527344
242 449.24285888671875 125.51229095458984
243 450.0547790527344 125.45632934570312
244 450.372314453125 125.58892059326172
245 450.69610595703125 125.47412872314453
246 451.6295471191406 125.37801361083984
247 451.82110595703125 125.50597381591797
248 451.7424621582031 125.41436004638672
249 452.3393249511719 125.43455505371094
250 453.0092468261719 125.42774200439453
251 452.7994079589844 125.37444305419922
252 453.1448974609375 125.35639190673828
253 453.51593017578125 125.31107330322266
254 453.56927490234375 125.31806945800781
255 453.9299011230469 125.32315826416016
256 454.9458923339844 125.33389282226562
257 454.4891052246094 125.25855255126953
258 455.3870849609375 125.23599243164062
259 455.4703063964844 125.21769714355469
260 455.7088317871094 125.23973083496094
261 456.1983337402344 125.20066833496094
262 455.5788879394531 125.18064880371094
263 456.50531005859375 125.19551086425781
264 456.83355712890625 125.2630386352539
265 457.5266418457031 125.10243225097656
266 457.26409912109375 125.10602569580078
267 456.97705078125 125.12205505371094
268 457.816162109375 125.03209686279297
269 458.30853271484375 125.07147216796875
270 457.90924072265625 125.10356140136719
271 458.08282470703125 125.08161926269531
272 459.79010009765625 125.05033111572266
273 459.78546142578125 125.0159912109375
274 460.2806396484375 125.01203155517578
275 460.13385009765625 125.01073455810547
276 460.5182189941406 124.91252136230469
277 460.3990478515625 124.99887084960938
278 461.46746826171875 125.02961730957031
279 461.80401611328125 124.96574401855469
280 462.0018005371094 124.8848876953125
281 462.3290100097656 124.94409942626953
282 462.6071472167969 124.91693878173828
283 463.6164855957031 124.91902923583984
284 463.8885803222656 124.8294677734375
285 464.01324462890625 124.87690734863281
286 463.9291076660156 124.8414306640625
287 464.33990478515625 124.7693862915039
288 464.51409912109375 124.82282257080078
289 465.4544982910156 124.77626037597656
290 465.42547607421875 124.81745910644531
291 465.38519287109375 124.83654022216797
292 465.6759033203125 124.75498962402344
293 466.4274597167969 124.78551483154297
294 465.8869323730469 124.78773498535156
295 466.9904479980469 124.80632781982422
296 467.447265625 124.70915985107422
297 467.0690612792969 124.66085815429688
298 466.9172668457031 124.71641540527344
299 468.00103759765625 124.74213409423828
300 468.49005126953125 124.69432067871094
301 468.3579406738281 124.61648559570312
302 468.70806884765625 124.53880310058594
