0 4.426236152648926 182.6537628173828
1 4.559959411621094 166.53147888183594
2 4.563058376312256 162.51235961914062
3 4.61623477935791 159.67608642578125
4 4.7088303565979 156.8659210205078
5 4.800774097442627 154.58058166503906
6 4.8545708656311035 152.990234375
7 4.888611316680908 151.78445434570312
8 4.935448169708252 150.74786376953125
9 4.96558141708374 149.78880310058594
10 4.982592582702637 148.9594268798828
11 5.03493595123291 148.1729278564453
12 5.050991058349609 147.57626342773438
13 5.07858419418335 147.06578063964844
14 5.107059955596924 146.50643920898438
15 5.137792110443115 146.05899047851562
16 5.169549942016602 145.57040405273438
17 5.185523509979248 145.18118286132812
18 5.202323913574219 144.8234405517578
19 5.2338995933532715 144.53887939453125
20 5.263519763946533 144.0934600830078
21 5.275383949279785 143.8433074951172
22 5.288869857788086 143.42184448242188
23 5.326609134674072 143.15814208984375
24 5.335505485534668 143.0047607421875
25 5.360170364379883 142.5504150390625
26 5.37418270111084 142.31541442871094
27 5.392064571380615 142.15032958984375
28 5.4077935218811035 141.9010772705078
29 5.416912078857422 141.75926208496094
30 5.43747091293335 141.5242156982422
31 5.449353218078613 141.2937469482422
32 5.4583048820495605 141.05218505859375
33 5.474761009216309 140.9254150390625
34 5.482687950134277 140.71913146972656
35 5.500596046447754 140.5731658935547
36 5.509072780609131 140.38943481445312
37 5.532142639160156 140.26097106933594
38 5.5270609855651855 140.10427856445312
39 5.551929950714111 139.9335174560547
40 5.559978008270264 139.82659912109375
41 5.575626850128174 139.7268829345703
42 5.58241081237793 139.5757293701172
43 5.5857343673706055 139.45858764648438
44 5.5991597175598145 139.35523986816406
45 5.615662574768066 139.18521118164062
46 5.6091694831848145 139.0613555908203
47 5.62009859085083 138.92543029785156
48 5.63275146484375 138.825439453125
49 5.651853561401367 138.79664611816406
50 5.6392292976379395 138.56979370117188
51 5.651531219482422 138.69288635253906
52 5.652402400970459 138.3813934326172
53 5.6630024909973145 138.31451416015625
54 5.67071533203125 138.251708984375
55 5.68145751953125 138.19326782226562
56 5.686893939971924 138.12364196777344
57 5.684850215911865 137.9658203125
58 5.699222087860107 137.86766052246094
59 5.705778121948242 137.86119079589844
60 5.706650257110596 137.78604125976562
61 5.718509197235107 137.7411346435547
62 5.735474109649658 137.644287109375
63 5.7410569190979 137.4976043701172
64 5.732981204986572 137.4131622314453
65 5.73166036605835 137.3041534423828
66 5.747710704803467 137.32244873046875
67 5.7566423416137695 137.24246215820312
68 5.76357889175415 137.15115356445312
69 5.777298927307129 137.0972442626953
70 5.773683547973633 136.99574279785156
71 5.767915725708008 136.87449645996094
72 5.771500110626221 136.9077606201172
73 5.790191650390625 136.75428771972656
74 5.785949230194092 136.7227020263672
75 5.795931816101074 136.68223571777344
76 5.808598518371582 136.67398071289062
77 5.809737205505371 136.53746032714844
78 5.813004970550537 136.5312957763672
79 5.813549995422363 136.52041625976562
80 5.827520847320557 136.34552001953125
81 5.824644088745117 136.27569580078125
82 5.824323654174805 136.27822875976562
83 5.8345112800598145 136.15623474121094
84 5.834952354431152 136.13551330566406
85 5.843642234802246 136.1796417236328
86 5.852961540222168 135.9917449951172
87 5.854018688201904 135.9884033203125
88 5.857696533203125 135.84970092773438
89 5.856045722961426 135.89137268066406
90 5.868125915527344 135.8901824951172
91 5.8779120445251465 135.7929229736328
92 5.875461578369141 135.74314880371094
93 5.8854169845581055 135.6136474609375
94 5.867607593536377 135.67039489746094
95 5.883599281311035 135.5725555419922
96 5.89176082611084 135.56240844726562
97 5.880627632141113 135.44920349121094
98 5.907366752624512 135.4952392578125
99 5.897202014923096 135.4106903076172
100 5.897349834442139 135.3292999267578
101 5.902251720428467 135.2664031982422
102 5.922698974609375 135.25311279296875
103 5.917244911193848 135.2202911376953
104 5.913846492767334 135.19171142578125
105 5.91502046585083 135.12232971191406
106 5.930403709411621 135.14707946777344
107 5.929054260253906 135.06008911132812
108 5.930716514587402 134.9683074951172
109 5.935809135437012 134.9257049560547
110 5.945533752441406 134.99368286132812
111 5.938711643218994 134.8411102294922
112 5.945096969604492 134.7999267578125
113 5.954484462738037 134.6964111328125
114 5.956492900848389 134.7768096923828
115 5.958101272583008 134.69403076171875
116 5.952672958374023 134.68240356445312
117 5.964085578918457 134.68971252441406
118 5.9640679359436035 134.60890197753906
119 5.97549295425415 134.5456085205078
120 5.9698286056518555 134.6829376220703
121 5.980441570281982 134.4149932861328
122 5.985036373138428 134.5059814453125
123 5.975877285003662 134.4251251220703
124 5.984105587005615 134.39393615722656
125 5.98245906829834 134.37107849121094
126 5.989483833312988 134.2764434814453
127 6.000675201416016 134.242431640625
128 5.9956536293029785 134.26107788085938
129 5.998215675354004 134.21917724609375
130 6.003148078918457 134.2725372314453
131 6.006494045257568 134.07763671875
132 6.006213665008545 134.18333435058594
133 6.007607936859131 134.0594024658203
134 6.008894920349121 134.03057861328125
135 6.0248122215271 134.00711059570312
136 6.0195088386535645 134.0537109375
137 6.022313594818115 133.93666076660156
138 6.032053470611572 133.88746643066406
139 6.031623840332031 133.8806915283203
140 6.018976211547852 133.83938598632812
141 6.040275573730469 133.9046173095703
142 6.037038326263428 133.7943572998047
143 6.0391526222229 133.82342529296875
144 6.039065837860107 133.7220458984375
145 6.042721748352051 133.73199462890625
146 6.044272422790527 133.57859802246094
147 6.0375494956970215 133.7508087158203
148 6.048088550567627 133.64280700683594
149 6.05914831161499 133.57835388183594
150 6.0454840660095215 133.58221435546875
151 6.04596471786499 133.51864624023438
152 6.063823223114014 133.563232421875
153 6.066891670227051 133.47097778320312
154 6.063282489776611 133.4698944091797
155 6.065090656280518 133.3870086669922
156 6.057001113891602 133.50820922851562
157 6.074269771575928 133.30197143554688
158 6.075348854064941 133.3186798095703
159 6.084608554840088 133.33546447753906
160 6.069842338562012 133.26734924316406
161 6.086253643035889 133.23045349121094
162 6.083937644958496 133.24880981445312
163 6.081422805786133 133.21005249023438
164 6.095920562744141 133.17352294921875
165 6.080042362213135 133.21786499023438
166 6.088207244873047 133.2843475341797
167 6.085221767425537 133.05508422851562
168 6.08370304107666 133.15757751464844
169 6.094868183135986 132.9913787841797
170 6.087324142456055 133.056640625
171 6.101613521575928 132.98341369628906
172 6.119144916534424 132.93663024902344
173 6.107504367828369 132.9947509765625
174 6.118795871734619 132.99754333496094
175 6.106267929077148 132.8870391845703
176 6.103797912597656 132.88038635253906
177 6.112247467041016 132.90875244140625
178 6.117142200469971 132.8555145263672
179 6.115210056304932 132.82701110839844
180 6.127768516540527 132.81655883789062
181 6.119234085083008 132.70468139648438
182 6.124311447143555 132.74298095703125
183 6.13204288482666 132.73153686523438
184 6.124529838562012 132.73956298828125
185 6.134757041931152 132.6757049560547
186 6.128256797790527 132.73306274414062
187 6.138103485107422 132.61085510253906
188 6.1399712562561035 132.63548278808594
189 6.134704113006592 132.65213012695312
190 6.14931583404541 132.64686584472656
191 6.130998134613037 132.59996032714844
192 6.15394926071167 132.53829956054688
193 6.133085250854492 132.5017852783203
194 6.152982711791992 132.5254364013672
195 6.136599540710449 132.41600036621094
196 6.130313873291016 132.4158477783203
197 6.14223575592041 132.4930877685547
198 6.150362491607666 132.36341857910156
199 6.1578803062438965 132.4092559814453
200 6.152125358581543 132.32376098632812
201 6.144702911376953 132.42796325683594
202 6.16475772857666 132.3701171875
203 6.159383296966553 132.2456512451172
204 6.157548904418945 132.3531494140625
205 6.155320644378662 132.2365264892578
206 6.167760848999023 132.27394104003906
207 6.174569606781006 132.19371032714844
208 6.1683759689331055 132.22496032714844
209 6.173356056213379 132.12400817871094
210 6.169020652770996 132.1844940185547
211 6.1680097579956055 132.18772888183594
212 6.174676895141602 132.17413330078125
213 6.176793575286865 132.11415100097656
214 6.184076309204102 131.97683715820312
215 6.175507068634033 132.13954162597656
216 6.178818225860596 132.08187866210938
217 6.180854320526123 132.0615692138672
218 6.182316780090332 132.00254821777344
219 6.19786262512207 132.01637268066406
220 6.18093204498291 131.99266052246094
221 6.192265033721924 132.00428771972656
222 6.193564414978027 131.94155883789062
223 6.185552597045898 131.9780731201172
224 6.193154335021973 131.9067840576172
225 6.197901725769043 131.8394012451172
226 6.203984260559082 131.94400024414062
227 6.197622776031494 131.8291473388672
228 6.208143711090088 131.84922790527344
229 6.197103977203369 131.8535919189453
230 6.204946994781494 131.8684539794922
231 6.205938339233398 131.74610900878906
232 6.20823860168457 131.80120849609375
233 6.202029228210449 131.8778076171875
234 6.203277587890625 131.8225555419922
235 6.208250045776367 131.6889190673828
236 6.212887287139893 131.7332305908203
237 6.211865425109863 131.6035919189453
238 6.203304290771484 131.68409729003906
239 6.215809345245361 131.680908203125
240 6.2250776290893555 131.64317321777344
241 6.223132610321045 131.68556213378906
242 6.208167552947998 131.56715393066406
243 6.224915027618408 131.59396362304688
244 6.217762470245361 131.6557159423828
245 6.227576732635498 131.60372924804688
246 6.225973606109619 131.5302276611328
247 6.217606067657471 131.4971466064453
248 6.2252302169799805 131.59690856933594
249 6.224550724029541 131.43177795410156
250 6.2292680740356445 131.5012969970703
251 6.226214408874512 131.4718780517578
252 6.240564823150635 131.4019012451172
253 6.247506141662598 131.6102752685547
254 6.2424516677856445 131.29080200195312
255 6.234196662902832 131.5007781982422
256 6.243441104888916 131.3289794921875
257 6.246962070465088 131.39427185058594
258 6.244844436645508 131.2720184326172
259 6.249667167663574 131.2552947998047
260 6.2411041259765625 131.37759399414062
261 6.244241237640381 131.27166748046875
262 6.241298198699951 131.3166046142578
263 6.255375862121582 131.32156372070312
264 6.255480766296387 131.2547607421875
265 6.244057655334473 131.24215698242188
266 6.249160289764404 131.24781799316406
267 6.257277488708496 131.13931274414062
268 6.249780178070068 131.2433319091797
269 6.249401569366455 131.2227783203125
270 6.249206066131592 131.14309692382812
271 6.24441385269165 131.1761474609375
272 6.261307239532471 131.19058227539062
273 6.256474018096924 131.16641235351562
274 6.253098964691162 131.09115600585938
275 6.262289524078369 131.14102172851562
276 6.262075901031494 131.1052703857422
277 6.250236988067627 131.11839294433594
278 6.265012741088867 131.10903930664062
279 6.258941650390625 131.17051696777344
280 6.27744197845459 131.09078979492188
281 6.258816242218018 131.0194854736328
282 6.258727550506592 130.92750549316406
283 6.28127384185791 131.02133178710938
284 6.269209861755371 130.96409606933594
285 6.260498523712158 130.94879150390625
286 6.269372940063477 131.02117919921875
287 6.272403240203857 131.0490264892578
288 6.263282775878906 130.873779296875
289 6.275129795074463 130.94671630859375
290 6.273524761199951 130.932861328125
291 6.286287784576416 130.88941955566406
292 6.277721881866455 130.89138793945312
293 6.267145156860352 130.82257080078125
294 6.28110933303833 130.93309020996094
295 6.280880928039551 130.81414794921875
296 6.2779717445373535 130.9048309326172
297 6.274513244628906 130.75003051757812
298 6.291176795959473 130.96453857421875
299 6.2942962646484375 130.81004333496094
300 6.283987998962402 130.76268005371094
301 6.2824015617370605 130.78704833984375
302 6.281425952911377 130.89613342285156
303 6.288877487182617 130.64671325683594
304 6.291233062744141 130.75205993652344
305 6.299218654632568 130.8385467529297
306 6.295421123504639 130.69412231445312
307 6.296884059906006 130.63571166992188
308 6.286584854125977 130.66973876953125
309 6.283718109130859 130.74197387695312
310 6.298305034637451 130.69737243652344
311 6.291398048400879 130.6619110107422
312 6.295765399932861 130.63487243652344
313 6.2888994216918945 130.70094299316406
314 6.299509048461914 130.61093139648438
315 6.317063808441162 130.4600067138672
316 6.2965312004089355 130.62783813476562
317 6.303128719329834 130.50648498535156
318 6.299967288970947 130.64401245117188
319 6.308955669403076 130.5848846435547
320 6.288272857666016 130.69578552246094
321 6.307216167449951 130.44424438476562
322 6.316408157348633 130.50381469726562
323 6.305332660675049 130.5065155029297
324 6.301036357879639 130.56964111328125
325 6.303982257843018 130.48887634277344
326 6.309273719787598 130.42529296875
327 6.302126884460449 130.56346130371094
328 6.310731887817383 130.4468231201172
329 6.326592445373535 130.44223022460938
330 6.316934108734131 130.44076538085938
331 6.329110145568848 130.52572631835938
332 6.312252521514893 130.3646697998047
333 6.318075656890869 130.35772705078125
334 6.326504707336426 130.40402221679688
335 6.332854270935059 130.3596954345703
336 6.320415019989014 130.38467407226562
337 6.313452243804932 130.4167938232422
338 6.336244583129883 130.26132202148438
339 6.315269470214844 130.34852600097656
340 6.3126420974731445 130.37193298339844
341 6.32798433303833 130.314208984375
342 6.332517623901367 130.19845581054688
343 6.323237895965576 130.27267456054688
344 6.337229251861572 130.26754760742188
345 6.323158264160156 130.34780883789062
346 6.333102703094482 130.31631469726562
347 6.325717926025391 130.34548950195312
348 6.33106803894043 130.1491241455078
349 6.341814994812012 130.22671508789062
350 6.335678577423096 130.38592529296875
351 6.329554080963135 130.20858764648438
352 6.332357883453369 130.1577606201172
353 6.34194803237915 130.1688232421875
354 6.344298362731934 130.20187377929688
355 6.337191104888916 130.1780548095703
356 6.341246604919434 130.06468200683594
357 6.335495471954346 130.19969177246094
358 6.339503288269043 130.11402893066406
359 6.341899394989014 130.15367126464844
360 6.347689628601074 130.18594360351562
361 6.34235143661499 130.06668090820312
362 6.340123653411865 130.16648864746094
363 6.348639011383057 130.05548095703125
364 6.33475923538208 130.09835815429688
365 6.34583854675293 130.10568237304688
366 6.346118927001953 130.0557403564453
367 6.344723224639893 130.11827087402344
368 6.355696201324463 130.08038330078125
369 6.344263553619385 130.0045928955078
370 6.350111484527588 130.06167602539062
371 6.357185363769531 129.94403076171875
372 6.35567045211792 130.01394653320312
373 6.359779357910156 129.98020935058594
374 6.361724376678467 130.0050048828125
